[Params]
Ef=12.8995670325
dpz=0.314159265359
dpy=0.314159265359
dpx=0.314159265359
dy=0.078125
dx=0.078125
posmax=10
pzMax=40.2123859659
dt=0.0001
pyMax=40.2123859659
Tf=1.4
gi=0.8
dz=0.078125
gf=0.8
xMax=10
Ei=13.0919648594
yMax=10
zMax=10
pxMax=40.2123859659
plan_3d=1
gSize=16777216
steps=13999
rampmode=2
samplestep=1000
N=8000
yDim=256
zDim=256
xDim=256
Ngrid=256
batchmode=0
write_wfc=0
imaginarytime=1
filename=groundstate_N8000_g0.8
data_dir=data/
target_wfc=wfc_tar
input_wfc=groundstate
