[Params]
Ef=14.7515114026
dpz=0.314159265359
dpy=0.314159265359
dpx=0.314159265359
dy=0.078125
dx=0.078125
posmax=10
pzMax=40.2123859659
dt=0.0001
pyMax=40.2123859659
Tf=1.4
gi=0.9
dz=0.078125
gf=0.9
xMax=10
Ei=14.9198472883
yMax=10
zMax=10
pxMax=40.2123859659
plan_3d=1
gSize=16777216
steps=13999
rampmode=2
samplestep=1000
N=10000
yDim=256
zDim=256
xDim=256
Ngrid=256
batchmode=0
write_wfc=0
imaginarytime=1
data_dir=data/
filename=groundstate_N10000_g0.9
target_wfc=wfc_tar
input_wfc=groundstate
