[Params]
Ef=14.0826048222
dpz=0.314159265359
dpy=0.314159265359
dpx=0.314159265359
dy=0.078125
dx=0.078125
posmax=10
pzMax=40.2123859659
dt=0.0001
pyMax=40.2123859659
Tf=1.4
gi=1
dz=0.078125
gf=1
xMax=10
Ei=14.260191554
yMax=10
zMax=10
pxMax=40.2123859659
plan_3d=1
gSize=16777216
steps=13999
rampmode=2
samplestep=1000
N=8000
yDim=256
zDim=256
xDim=256
Ngrid=256
batchmode=0
write_wfc=1
imaginarytime=1
filename=groundstate_N8000_g1.0
data_dir=data/
target_wfc=wfc_tar
input_wfc=groundstate
